69089853733489758710987312341456
69089853733489758710987526833269
12346897723489758710987312341456
12346897723489758710987526833269
09876891723489758710987326833269
09876891723489758710987312343526
12346891748489758710987526833269
12346891748489758710987532343526
12346891723764426543754609873269
12346891723764428710987312343526
69089853733489756543754609873269
69089853733489758710987312343526
12346856098698758675875870964234
12346856098698758675875870964234
09877656098698758675875870964234
09877656098698758675875870964234